419615654
2756358852
469995375
864553959
801277249
1627350428
2559556425
396956246
1367030749
19721692
1022575028
946003138
759841392
1192491448
1212337364
2306623673
3588454781
1358738517
3459801293
4234457523
1318468804
1080040648
3517881974
2912504344
3910950887
4253971068
4008671212
424555313
4233671798
3658720725
2565792420
3361161547
1161491540
559780661
1707809856
585662020
2477437055
3177175691
1627394828
1088321317
4130651481
776354060
2386641187
2024375599
170423027
382752564
1138922178
3314736903
1505636362
224312667
177207486
1213908056
1824713812
1220380864
1843095150
3397390499
3375575422
4159226562
3805657157
3949331132
589351514
452336864
268477850
2820062056
1041916311
557493040
325811722
79516277
2243423225
929931676
158855193
3578062600
1762233568
3648535969
4060614918
884701512
275083223
296049650
62529282
3314281461
1350450448
2325100000
3299061257
2296420809
513537675
532505266
452836121
3935346758
452342856
4291488223
3463969465
3570498757
1553868927
2714392143
1551875897
2925873493
2146329909
2374975426
530219942
1846216195
472218053
102895480
1316049011
4178476502
1760231097
761231319
1591383861
1284331763
1139335897
2556832600
1115036530
2889232640
1104018751
3422725563
4171008951
325554662
3093089823
3839227634
1085817736
4221058587
1690469916
698120778
4102322575
4148529520
1863590905
4112331689
1877190899
3726950799
3567061592
1719805375
1960378252
1305873095
2816707490
446191967
1552834286
3166552031
1862554174
649849324
273154982
4164984657
765356016
1899386905
1369158360
1983503763
1824568684
4257597361
440023743
4225670720
638003229
343481729
3658894832
3462386848
2808523013
3049074647
2668727414
676771541
1389677142
1258707676
2237092164
2915853637
3036017840
4232359312
1913723365
3424029846
1037640384
2896571170
2883818353
2806031545
3179314170
2850926983
1454130688
1643670594
3023645249
2213212593
2074308292
21783579
3997553042
3249070514
4019014924
2169959384
2421226920
3526130025
2926562825
690220292
4081620074
1589987220
980228561
2670004998
144888182
1040394577
2821119141
4259849939
1395435107
1410862728
3474220718
1454790509
1792173143
1021993155
1744077560
386858258
2980709678
437551504
507668980
3356010505
1829464788
999601838
1248145265
3536313736
1524289910
2444656560
1674576407
3994762275
384690641
3570710694
4172044991
3441053069
880973819
2945419675
1246208129
4254773141
2662629560
4265758118
302380295
3307338345
1241376096
1893568526
873491162
1191412381
1905437600
3892630716
979345445
2492136792
4066728482
3778089374
2384873574
1882258789
2714194100
3378364396
4209172250
1430187568
3989982218
3914815939
3533658415
337863417
36002597
2345507761
2446478973
737280653
2841989908
3590053165
785959250
2542215662
2449525358
39070950
1485586415
2081424566
2643749495
1918697587
839258803
1763877252
1860741809
3605513217
2802771398
3497481645
1521504782
2695362675
2189788791
56682113
736027690
3368351098
498991609
3892394676
3584999412
3512365603
1139439422
2832846775
1147914239
4267809042
2867882712
4076982421
150801439
1270042555
3733319926
1805093827
3242339801
1414788333
602124377
4119669901
1013865734
28718407
2873980790
1664093416
339749059
367497133
1200504347
1004015406
2168965335
3769273051
3000481248
3812117763
1366694861
394014410
1180854674
1227984989
2327500002
4034760536
28023523
2418637528
1692191434
2655185625
1424021714
86403362
1817097158
1032448124
3853833599
2901026650
1058434586
3354803333
1772692919
2585714950
1935930243
3059957363
3130616873
3501061125
1061974594
2829004803
2413772829
715379791
1029685097
1287384977
1917354297
852265132
3454470844
1120118072
3911696254
2841573826
1347897159
2412934334
595026730
3886262572
1407653239
3685822941
4038106120
3309311956
1604685863
2212748372
2801634927
3075058060
3964276665
2592155578
860516993
3788110875
3766637048
615578642
1561327174
346374505
3157169150
2449529873
4147717058
2765486714
4151096754
3576160199
706985901
4169238153
3593527330
274727781
262664335
971206534
3014447608
2569985590
2660757976
1301736237
2654253736
69212128
3224200248
1456241166
1077239800
4127535350
1412882909
2149106531
2924653593
2808824540
3285674584
2443429484
3802121904
1692617902
1461479188
7118746
775662798
1925234426
4091270626
2411110719
1512994587
1877773411
358688039
2675218375
430064358
1336302153
3940035875
42092123
3368594625
293711218
3386773353
2614512951
393510337
296482233
3951245197
792069240
3405273085
578056435
3735627552
2579748006
1304878330
3735204049
3637705663
435141201
1631844138
2224071152
738911005
1456684268
4056111419
214480505
3818485647
575313872
890773121
2596987233
468078680
3718119482
2647271087
2723820880
526660983
3423513638
1095107102
3157139759
4076064399
921676791
4140857644
529751358
3016349667
2477111963
3813314426
2390321118
1726213001
1987783616
1769895580
3232619774
434602221
341419147
1037383101
44292276
3262421803
1826326265
159123942
1214447654
3627452215
1601584547
4235662065
1360409869
2697724875
1157797189
2771820337
1195750239
2350306442
3138511879
778484253
625745921
685017888
652678400
3160592492
933048708
2430949843
535319295
2102517339
3505543586
3693676555
3467576852
274848299
905726624
1918727605
847713726
583680385
4204938066
868458613
3707423582
2441629118
2842467038
194779419
1822073420
1364363115
4282393050
2170292155
4192994265
2011403219
4113098503
779685616
623258271
1092023691
3281965792
89574011
2034120853
1071461239
2647916170
2044929947
3456627829
1339962986
3388236413
1605610255
308764862
1351347651
388896290
161111729
1079332683
2257006958
882913046
734635373
2061526405
3688752973
1093809048
2084378505
2516050070
2380634761
3436745200
4102279581
1625713814
1000759120
3196514457
267569255
2713202743
1358098604
4027107556
4066308231
3547131891
296204117
3073882295
649827656
3918429975
3003096122
1344723355
3141044338
935891580
928367371
3529100159
3768805117
4073855443
2745057136
2026958841
3114302940
2748360174
3823137767
1368693314
3483887762
1134493769
4272408972
2103154090
4027811869
3312668417
3023433501
3099499074
4110095490
3970931720
4078591286
2744325175
1318305247
1776294001
3362694983
1633368075
3923803425
3137313730
2604839976
1337941016
2456679251
3668490383
3525581147
1260358703
4001240548
1373177439
665134995
1887427904
3405062679
3003120239
3078139076
4284352209
3689954732
1908766122
348474021
617811266
540788193
2476882882
3909431236
1518964654
1840703286
2635525301
2462672547
4129012829
2235806138
4118669532
1029697728
3094823765
3989131650
2461627328
2652877080
3530203052
2697676821
2526255432
2094440417
217642820
883170166
2540748729
2452176266
4279254520
2554733546
266372107
1213764916
4225846053
3537577776
3215754142
101687630
3267867032
3977885279
2028945980
531840281
2450765322
2325645439
1132302955
3435894704
2921513450
130084992
447730496
453794240
1357146715
3752357823
1411627541
3354732140
1606895761
4006308330
2039420721
735399660
2610216260
3012102030
1546357386
1479216271
3105452005
1578635568
3767711918
3506525109
157981195
4081776821
2532495214
2210977526
1656623460
3887215062
907412466
568370954
2111568657
671025092
3265464184
3365845712
3855749258
203397853
1511410624
1409586379
3571926757
2244158844
675868329
2055376189
3590497857
247607552
3385677038
322521550
3965800957
122714235
1051696211
1604953401
3339677465
1125785269
295356757
1193920552
3725027003
2069653392
3442079210
531179080
1614828882
13228663
2436143393
1063633846
688898239
2267496819
1740487899
1882567356
681222536
3273328424
1849322048
371072639
3510732846
1147228365
3760320996
4048443407
316280478
3613705071
983555718
2277601834
2806997028
1361714231
4245832057
3853635864
901694365
301538521
682690432
3152429476
1786369025
1960875177
3787555039
3509110425
2384238057
1002721059
2718180699
2578841456
3012089501
4211049339
661151327
1541054434
2870246795
487997274
136800673
422698803
2810236848
604785491
2951196849
1833011623
3940128413
3295618823
3762441308
63107929
3580089740
1139234968
392059792
1726696910
811580225
2065426119
1779347201
982620857
1399008861
1543598339
488624235
1902836625
3196713402
432194754
268402264
2938976250
4236405464
3498392077
817872873
2232993201
786079216
2604305287
3933261544
1877297642
1295351730
1857151413
4123337275
4136781951
145420310
3785252339
2455270097
3005798002
4072649093
3882792530
320505910
1143928779
538993797
4201616174
2965314367
4102243682
572791751
4011468935
1053700546
3823750856
1030843774
2947645547
2342495091
2338302309
2134652830
3586286006
1498708419
1057171428
1501302874
1291680348
1008615653
2408573628
837303941
3135620877
2841470095
1646615907
616968061
1031886922
345551088
1671581562
908946261
2726908394
2482702756
4199573977
466192958
3715422395
588640808
1896055662
1678680032
399995267
3126657688
2503843099
1074861368
1370173279
761886945
2843650305
37636735
2339666275
2686228895
3237397878
2297125213
1098522503
844785974
3738230227
2115335908
1190885724
4170600793
3906970876
3782704284
4073129498
1021350309
1221776871
1582580751
1825172043
2939402488
3607850079
3425054951
3503580354
2619723964
926682618
396542480
3607120095
877135572
2927792961
281223159
1571155877
486491249
3382989458
1908792674
761125504
1361096946
2278853742
157563815
1943468006
4228146216
1839226461
1789314377
914587071
2229081312
1392675531
3319779420
2776914881
2175113946
3694125686
2843369559
1727991954
1082058608
2430233564
1969545457
1921412761
2082128213
211144359
1692721026
376072225
3626977617
485395146
4163346972
662672771
1283697619
3444950318
2093445869
2137551092
669192650
1951505224
1185794368
3299420700
1184014614
3022360619
1228131540
2341053311
3315822394
407406947
3980594430
718580066
2129849871
1509987876
1870650093
3546753623
2529099113
172586509
1342451532
776798114
1570407118
3043983428
3807173299
4214567060
2538959655
2182720215
1374432798
486752499
430074190
90846701
1488590971
4011631253
668977622
1091864748
1689427460
3525612207
3648772806
2455874069
392321482
2598511514
4041287498
899216416
522332862
1955381097
1171571624
2683078736
3197101456
3802454153
3610053687
1846082070
2146045898
979954510
3512024534
1823086197
2069679436
3186109987
2370702628
230718432
584263397
3929447442
1750502889
1348597962
3349180381
143862910
4168462628
1003417840
2764190835
3746007491
1044577292
1196365766
772930286
3929699036
2783244496
3080580449
2137152413
587002936
1763263763
1680347109
4019607531
2045744116
2091566307
3284500041
2729150704
1082745422
3957428171
2265230342
3446313545
1083676645
327546834
4102423995
1852037747
1698811034
3056602523
1351419446
2033582687
2990246749
2043298479
3585038220
1060390250
3891607579
2971098817
273891091
3727868298
1450408335
938931923
778941347
3985024995
789583315
2254209618
1032815521
398245960
3209475307
2425406677
3951556277
1277140921
485765792
278008959
1168088023
3047347021
619070647
1110525757
