15
13
16
20
10
9
6
7
10
13
9
19
13
9
5
14
2
18
14
4
5
9
15
5
8
9
13
14
19
6
1
8
1
2
17
1
16
12
9
18
2
1
8
20
8
5
19
4
3
8
7
17
13
5
11
20
3
3
18
13
15
5
11
17
12
1
3
18
6
17
14
1
9
10
19
13
4
11
3
2
9
1
18
10
16
7
2
19
17
4
6
18
8
4
18
14
10
7
3
16
14
1
12
3
18
20
2
4
18
1
11
1
12
4
12
3
4
15
17
8
17
19
16
1
6
10
20
20
13
16
13
16
11
8
7
12
15
5
3
18
17
6
1
4
5
2
4
1
10
10
13
9
14
8
15
2
3
17
5
18
1
13
6
7
5
11
14
6
11
4
9
15
10
14
13
20
3
15
5
5
1
6
6
13
15
1
2
19
3
18
2
20
8
9
19
10
4
16
1
19
19
5
1
6
9
19
6
17
11
1
8
16
2
15
12
10
20
16
10
2
1
19
16
6
17
7
3
2
1
17
6
13
3
15
15
10
1
17
11
9
19
20
16
18
18
2
14
14
9
6
11
3
19
11
16
7
16
8
4
13
10
18
19
6
3
16
12
14
11
19
10
17
13
4
3
16
20
3
13
2
20
16
7
8
2
14
18
2
15
8
11
17
20
14
8
7
16
12
9
4
2
11
15
10
3
17
4
9
15
6
15
3
19
5
20
11
7
14
20
11
4
4
14
6
15
4
10
12
18
18
18
13
5
13
15
7
20
15
11
13
20
2
1
17
4
13
8
1
6
19
14
16
9
3
15
6
11
14
19
15
15
20
2
14
11
2
16
15
9
11
17
18
17
9
9
7
1
11
10
12
14
1
5
5
5
3
9
7
19
7
7
20
8
12
20
16
19
14
16
4
6
19
14
12
18
14
18
1
6
16
13
7
11
10
4
2
19
13
6
9
20
6
8
13
2
14
1
3
8
1
4
19
3
20
20
12
5
19
8
4
7
19
2
17
1
15
2
8
2
17
4
6
3
15
16
8
6
10
16
10
18
20
3
20
14
2
9
1
13
9
4
16
20
7
16
13
20
5
6
7
6
7
14
3
19
19
20
1
16
11
16
6
20
4
17
12
12
13
12
14
20
11
8
10
7
14
16
3
12
11
10
4
19
7
14
6
14
9
6
11
2
1
2
15
1
18
16
4
5
17
12
12
18
16
17
16
3
16
19
1
12
20
18
4
17
2
1
15
8
15
3
10
13
11
10
18
2
15
11
1
7
16
8
2
4
16
6
11
17
17
12
4
8
4
9
20
16
5
20
20
17
10
13
3
2
7
14
3
17
15
7
2
8
10
19
13
9
6
11
9
1
13
2
13
18
1
7
10
7
1
7
8
17
14
17
3
11
13
20
1
2
3
20
16
5
11
13
17
1
16
4
2
1
2
11
2
1
1
11
7
12
6
9
19
10
16
2
15
7
1
3
7
15
18
13
5
13
19
14
5
20
18
5
10
10
18
13
19
11
18
16
12
2
6
10
18
13
4
13
11
1
3
4
14
7
20
20
20
17
17
5
9
20
7
6
17
8
19
12
19
15
9
12
18
5
6
2
13
17
6
18
20
6
18
20
20
17
2
20
8
15
16
15
14
4
9
12
10
4
14
4
9
10
1
9
13
11
6
20
2
18
2
20
16
6
3
15
5
11
5
18
14
2
17
8
5
3
11
14
16
12
11
20
18
3
14
11
11
20
18
15
8
3
12
16
7
17
15
8
12
10
11
7
20
9
15
9
14
9
2
18
16
8
2
3
9
3
2
15
17
18
19
16
9
3
13
8
9
20
9
20
6
6
16
16
16
19
14
4
15
8
9
5
14
17
5
19
10
12
12
4
9
20
12
15
5
19
1
16
13
2
20
18
10
19
15
5
7
3
16
7
17
2
18
12
13
12
1
2
7
7
20
15
9
5
18
2
14
20
7
6
18
7
13
12
20
19
10
13
11
5
9
1
15
20
1
12
15
8
11
7
12
17
14
4
14
10
13
15
19
9
20
1
16
16
19
20
11
2
12
14
3
9
1
8
7
10
3
15
19
17
3
18
5
17
17
14
8
11
19
11
15
18
17
8
9
13
18
3
10
3
2
11
9
1
16
12
13
7
7
17
17
10
14
17
4
10
12
17
8
2
5
3
12
3
6
6
15
16
8
15
4
7
8
10
20
1
11
20
18
12
19
16
4
8
16
16
19
2
1
8
18
18
2
13
20
4
2
8
18
